Loading model from runs/fpl_ppo/best_model/best_model...
Building env for 2024-25...
Seasons: 100%|##########| 1/1 [01:10<00:00, 70.78s/season]Seasons: 100%|##########| 1/1 [01:10<00:00, 70.78s/season]

Running episode 1/3...

================================================================================
================================================================================

 GW   Pts   Net  Hit Chip      Capt Bench Xfers Formation  FT   Bank  Total
--------------------------------------------------------------------------------
  1    28    28    0              2     0     1 4-4-2      1   23.5     28
  2    74    74    0             20     0     1 3-5-2      1   16.0    102
  3    67    67    0             17     0     1 3-5-2      1   14.6    169
  4    25    25    0              2     0     1 3-5-2      1   12.6    194
  5    57    57    0             10     0     1 3-5-2      1   13.6    251
  6    60    60    0              2     0     1 3-5-2      1   12.8    311
  7    37    37    0              6     0     1 3-5-2      1    7.2    348
  8    52    52    0              2     0     1 3-5-2      1    7.1    400
  9    57    57    0             10     0     1 3-5-2      1    9.7    457
 10    50    50    0              9     0     1 3-5-2      1   12.2    507
 11    74    74    0             14     0     1 3-5-2      1   12.6    581
 12    67    67    0             13     0     1 3-5-2      1    9.5    648
 13    75    75    0             13     0     1 3-5-2      1    7.3    723
 14    80    80    0             18     0     1 3-5-2      1    9.9    803
 15    70    70    0             18     0     1 3-5-2      1    9.4    873
 16    59    59    0              3     0     1 3-5-2      1   10.6    932
 17    65    65    0              3     0     1 3-5-2      1   13.3    997
 18    59    59    0              9     0     1 3-5-2      1   13.3   1056
 19    62    62    0             16     0     1 3-5-2      1   13.0   1118
 20    54    54    0              7     0     1 3-5-2      1   13.8   1172
 21    43    43    0              2     0     1 3-5-2      1   11.6   1215
 22    43    43    0              4     0     1 3-5-2      1   17.2   1258
 23    62    62    0              8     0     1 3-5-2      1   14.0   1320
 24    98    98    0             29     0     1 3-5-2      1   13.8   1418
 25    55    55    0              5     0     1 3-5-2      1   16.6   1473
 26    67    67    0             14     0     1 3-5-2      1   17.3   1540
 27    42    42    0              3     0     1 3-5-2      1   16.3   1582
 28    35    35    0              5     0     1 3-5-2      1   24.1   1617
 29    37    37    0              5     0     1 3-5-2      1   15.6   1654
 30    28    28    0              3     0     0 3-5-2      1   13.1   1682
 31    42    42    0              2     0     1 3-5-2      1   14.9   1724
 32    82    82    0             19     0     1 3-5-2      1   15.7   1806
 33    59    59    0              5     0     1 3-5-2      1   16.3   1865
 34    29    29    0              3     0     1 3-5-2      1   23.4   1894
 35    39    39    0              5     0     1 3-5-2      1   24.3   1933
 36    60    60    0              6     0     1 3-5-2      1   24.4   1993
 37    56    56    0              5     0     1 3-5-2      1   24.2   2049
 38    57    57    0              2     0     1 3-5-2      1   25.9   2106
Traceback (most recent call last):
  File "C:\Users\alexa\OneDrive\Documents\FPL-RL\scripts\analyse_agent.py", line 242, in <module>
    main()
  File "C:\Users\alexa\OneDrive\Documents\FPL-RL\scripts\analyse_agent.py", line 233, in main
    print_episode_summary(ep + 1, gw_log, env.loader)
  File "C:\Users\alexa\OneDrive\Documents\FPL-RL\scripts\analyse_agent.py", line 131, in print_episode_summary
    auto_subs = sum(g["auto_subs"] for g in gw_log)
                ^^^^^^^^^^^^^^^^^^^^^^^^^^^^^^^^^^^
TypeError: unsupported operand type(s) for +: 'int' and 'list'
Binary file (standard input) matches
